9 0.2511111111111111 0.49333333333333335 0.29777777777777775 0.8977777777777778
9 0.7111111111111111 0.6 0.07111111111111111 0.21333333333333335
9 0.8622222222222222 0.6 0.07111111111111111 0.20444444444444446
9 0.5644444444444444 0.6012444444444445 0.07111111111111111 0.2088888888888889
9 0.6377777777777778 0.6022222222222222 0.07555555555555556 0.2088888888888889
9 0.7866666666666666 0.6022222222222222 0.07111111111111111 0.2088888888888889
9 0.6355555555555555 0.8177777777777778 0.07111111111111111 0.21333333333333335
9 0.7888888888888889 0.8177777777777778 0.07555555555555556 0.21333333333333335
9 0.8622222222222222 0.8177777777777778 0.07111111111111111 0.21333333333333335
9 0.7111111111111111 0.82 0.07111111111111111 0.21777777777777776
9 0.5644444444444444 0.17555555555555555 0.06222222222222222 0.2088888888888889
9 0.6377777777777778 0.17777777777777778 0.06666666666666667 0.21333333333333335
9 0.7111111111111111 0.17777777777777778 0.07111111111111111 0.21333333333333335
9 0.7888888888888889 0.17777777777777778 0.06666666666666667 0.21333333333333335
9 0.8622222222222222 0.17777777777777778 0.07111111111111111 0.21333333333333335
9 0.5622222222222222 0.38666666666666666 0.06666666666666667 0.20444444444444446
9 0.7888888888888889 0.3888888888888889 0.07555555555555556 0.2088888888888889
9 0.86 0.3888888888888889 0.06666666666666667 0.2088888888888889
9 0.6377777777777778 0.39111111111111113 0.07555555555555556 0.20444444444444446
9 0.7111111111111111 0.39111111111111113 0.08 0.20444444444444446