12 0.5220588235294118 0.3175355450236967 0.15588235294117647 0.44549763033175355
12 0.4073529411764706 0.7606635071090048 0.04411764705882353 0.1943127962085308
12 0.5838235294117647 0.7606635071090048 0.04411764705882353 0.1990521327014218
12 0.31029411764705883 0.7618483412322274 0.05588235294117647 0.19194312796208532
12 0.5455882352941176 0.7618483412322274 0.03823529411764706 0.1966824644549763
12 0.6705882352941176 0.7618483412322274 0.041176470588235294 0.2014218009478673
12 0.7205882352941176 0.7618483412322274 0.06470588235294118 0.2014218009478673
12 0.36323529411764705 0.7630331753554502 0.061764705882352944 0.1943127962085308
12 0.4514705882352941 0.7630331753554502 0.04411764705882353 0.1990521327014218
12 0.5029411764705882 0.7630331753554502 0.047058823529411764 0.1943127962085308
12 0.6308823529411764 0.764218009478673 0.03823529411764706 0.2014218009478673